#M1 M3 xsec[pb] uncertainty[pb]
1000 1000 0.00345531077989 0.000188613008057
1000 1050 0.0033759657659 0.000184417932173
1000 1100 0.00291041483802 0.000161603481526
1050 1900 0.000333248327608 2.82971344155e-05
1000 1150 0.00251862163454 0.000144281487033
1000 1200 0.00218597838036 0.000128040743039
1000 1250 0.00172079771991 0.000104333885195
1000 1300 0.00166000648957 0.000101066081214
1000 1350 0.00145010122217 9.00631300624e-05
1000 1400 0.00133487947313 8.56609255592e-05
1000 1450 0.00116718603936 7.66473720282e-05
1000 1500 0.000976156718211 6.49598570722e-05
1000 1550 0.000896243787841 6.13623500682e-05
1000 1600 0.000786711582944 5.51546928596e-05
1000 1650 0.000691786557912 4.95959935992e-05
1000 1700 0.000608717936379 4.49736902859e-05
1000 1750 0.000536323719462 4.05621562411e-05
1000 1800 0.000472934883269 3.67406483174e-05
1000 1850 0.000428145669795 3.41557691722e-05
1000 1900 0.00037607955297 3.08259214743e-05
1000 1950 0.00032620000636 2.76951091798e-05
1000 2000 0.000294989603733 2.56619682013e-05
1000 2050 0.000259740567455 2.34352088317e-05
1000 2100 0.000231018679932 2.15615062964e-05
1000 2150 0.000204690023105 1.96922460503e-05
1000 2200 0.000181455026993 1.80314974028e-05
1000 2250 0.000163187567448 1.68120198443e-05
1000 2300 0.000144808585234 1.54903082961e-05
1000 2350 0.000128512866014 1.42761594757e-05
1000 2400 0.000115307283943 1.32994199783e-05
1000 2450 0.000101405376023 1.21922329059e-05
1000 2500 9.01338894175e-05 1.13172336551e-05
100 1000 0.0762604601432 0.00262984411405
100 1050 0.0627795722739 0.00221629636158
100 1100 0.0525656063196 0.0018743896403
100 1150 0.0437554029662 0.00163602698808
100 1200 0.036738068496 0.00139594212357
100 1250 0.0313074906848 0.00120528734399
100 1300 0.0255810643756 0.00102769205629
100 1350 0.0216517697064 0.000883376978712
100 1400 0.018529290405 0.000775747833387
100 1450 0.0157042666274 0.000675619428003
100 1500 0.0134822684014 0.000591706249927
100 1550 0.0116576908127 0.000523831861814
100 1600 0.00960236308967 0.00044595284049
100 1650 0.0082668867831 0.000392585802282
100 1700 0.00713334525795 0.000346549424286
100 1750 0.00622265104103 0.000307631933781
100 1800 0.00549401423784 0.000277944337037
100 1850 0.00476959067645 0.000245715415881
100 1900 0.00414680315874 0.000219874864318
100 1950 0.0034688278879 0.000187635077154
100 2000 0.00314546764799 0.000173434427141
100 2050 0.00283638475013 0.000161839903429
100 2100 0.0023555595218 0.00013526910855
100 2150 0.00213572457137 0.000126241020712
100 2200 0.00180738488097 0.000108322635599
100 2250 0.00162805517024 0.000100255701964
100 2300 0.00137327012641 8.61516319277e-05
100 2350 0.0012428713236 7.98327619118e-05
100 2400 0.00109359142722 7.20759731063e-05
100 2450 0.000954628456148 6.42303325005e-05
100 2500 0.000858471501574 5.93118578647e-05
1050 1000 0.00303017261311 0.000169285743365
1050 1050 0.0029364677807 0.000162758701466
1050 1100 0.00253419111331 0.000145089410086
1050 1150 0.0021816578224 0.000126322549093
1050 1200 0.00190849161605 0.000114055926925
1050 1250 0.00151310691979 9.3298454638e-05
1050 1300 0.00145222086492 9.03910631587e-05
1050 1350 0.00133585075649 8.60323926949e-05
1050 1400 0.00111275851216 7.23986081432e-05
1050 1450 0.000976502835043 6.51012020258e-05
1050 1500 0.00089604615408 6.13592674158e-05
1050 1550 0.000786565526009 5.5116273754e-05
1050 1600 0.000664459189257 4.76147081048e-05
1050 1650 0.000623129420767 4.58978982383e-05
1050 1700 0.000535854372569 4.04749795411e-05
1050 1750 0.000472581922449 3.66513349791e-05
1050 1800 0.000417014430175 3.31208158504e-05
1050 1850 0.000368580407614 3.03364522338e-05
1050 1950 0.000294562418686 2.5602804684e-05
1050 2000 0.000260545522882 2.34386639895e-05
1050 2050 0.000230596707831 2.13796924778e-05
1050 2100 0.000200566597544 1.919720358e-05
1050 2150 0.000180293522319 1.79434263299e-05
1050 2200 0.000160645668612 1.65591222481e-05
1050 2250 0.00014449199326 1.54799052435e-05
1050 2300 0.000128227664413 1.42582905925e-05
1050 2350 0.000113868296453 1.31754890919e-05
1050 2400 0.000100788269832 1.21386968247e-05
1050 2450 9.07269759187e-05 1.14093259023e-05
1050 2500 7.94477659595e-05 1.03869416786e-05
1100 1000 0.00266101135764 0.000149943740063
1100 1050 0.00229616670952 0.000131307410534
1100 1100 0.00221061350372 0.000129033505822
1100 1150 0.00173728355563 0.000104229963722
1100 1200 0.0016678814644 0.000101604091892
1100 1250 0.00145486883928 9.10021628876e-05
1100 1300 0.00127202333481 8.10604272648e-05
1100 1350 0.00111370578876 7.25631392702e-05
1100 1400 0.00101627278423 6.8350317385e-05
1100 1450 0.000895865553641 6.17019950384e-05
1100 1500 0.00078629862407 5.53510143798e-05
1100 1550 0.000664592542139 4.76498746804e-05
1100 1600 0.000607778076945 4.48289688838e-05
1100 1650 0.000535384870822 4.03949873989e-05
1100 1700 0.000474505238191 3.68407315616e-05
1100 1750 0.000418515970255 3.37489620193e-05
1100 1800 0.000376667793091 3.08762774067e-05
1100 1850 0.000325355880164 2.74227598454e-05
1100 1900 0.00028779430604 2.50050996881e-05
1100 1950 0.000254873205759 2.28697500263e-05
1100 2000 0.000229189148707 2.1452519184e-05
1100 2050 0.00020399687669 1.95985758825e-05
1100 2100 0.000181509434359 1.81329492783e-05
1100 2150 0.000161890458728 1.67068687421e-05
1100 2200 0.000142275850845 1.52389060822e-05
1100 2250 0.000126871776453 1.41321506819e-05
1100 2300 0.000113615778049 1.31270060503e-05
1100 2350 0.000100918752198 1.21381802038e-05
1100 2400 8.9674076586e-05 1.13254486123e-05
1100 2450 8.00380575256e-05 1.04803306152e-05
1100 2500 7.09440483251e-05 9.66427054829e-06
1150 1000 0.0023394700563 0.000132546794251
1150 1050 0.00223469249503 0.000129849243376
1150 1100 0.00193114564302 0.000114965250613
1150 1150 0.00167636691283 0.000102317476044
1150 1200 0.00145938448407 9.11761211736e-05
1150 1250 0.0011716805504 7.50937252545e-05
1150 1300 0.00111513653735 7.27867095782e-05
1150 1350 0.000977599211671 6.51190508263e-05
1150 1400 0.000858029954202 5.87121310898e-05
1150 1450 0.000786009587105 5.52629372637e-05
1150 1500 0.000690644250249 4.98971719281e-05
1150 1550 0.000585425782255 4.31193101028e-05
1150 1600 0.000534916874232 4.05385003788e-05
1150 1650 0.000471630932485 3.65790022853e-05
1150 1700 0.000418280480098 3.36664394892e-05
1150 1750 0.000367589535586 3.03769640564e-05
1150 1800 0.000324881612059 2.74679255263e-05
1150 1850 0.000293612211778 2.56166624366e-05
1150 1900 0.000258480772474 2.32904578709e-05
1150 1950 0.000229822805628 2.14554773316e-05
1150 2000 0.000203555036698 1.95594285766e-05
1150 2050 0.000181197584933 1.80851772851e-05
1150 2100 0.000159964219481 1.65247967385e-05
1150 2150 0.000141371098685 1.51564949429e-05
1150 2200 0.000127649064046 1.42381396972e-05
1150 2250 0.00011333820691 1.31359493249e-05
1150 2300 0.000100677701564 1.2139732878e-05
1150 2350 8.91200109215e-05 1.13704588929e-05
1150 2400 7.95445480548e-05 1.03851060601e-05
1150 2450 7.03389333514e-05 9.61401775413e-06
1150 2500 6.34483825567e-05 9.04019547045e-06
1200 1000 0.00227640561613 0.000131979824971
1200 1050 0.00205517003811 0.000122119708285
1200 1100 0.00168969696488 0.00010299228221
1200 1150 0.00146712460115 9.1481596505e-05
1200 1200 0.00117613593611 7.50261933529e-05
1200 1250 0.00111760732341 7.31659572188e-05
1200 1300 0.000978809897216 6.54607427259e-05
1200 1350 0.000858696317395 5.87205206871e-05
1200 1400 0.000709924856014 4.94783929562e-05
1200 1450 0.000690269398628 4.99072772012e-05
1200 1500 0.000607111118345 4.4868200555e-05
1200 1550 0.000534624821028 4.06212482533e-05
1200 1600 0.000455647127155 3.52264964522e-05
1200 1650 0.000425931226021 3.42679009526e-05
1200 1700 0.000356126418673 2.9199898875e-05
1200 1750 0.0003244473938 2.75700725635e-05
1200 1800 0.000286934377813 2.50777579044e-05
1200 1850 0.000259260246455 2.34096868045e-05
1200 1900 0.000228390629265 2.12067346257e-05
1200 1950 0.000203098041524 1.95345147889e-05
1200 2000 0.000177797261085 1.77858345093e-05
1200 2050 0.000160327584586 1.66025554223e-05
1200 2100 0.000141665635957 1.52253187042e-05
1200 2150 0.000125790059095 1.40445985153e-05
1200 2200 0.000111743309596 1.29409614725e-05
1200 2250 0.000100443782626 1.21211373221e-05
1200 2300 8.91750583838e-05 1.16129726003e-05
1200 2350 7.93526642328e-05 1.03858506718e-05
1200 2400 7.05770475593e-05 9.66485589552e-06
1200 2450 6.25821698919e-05 8.94720237017e-06
1200 2500 5.58949754408e-05 8.33849343397e-06
1250 1000 0.00181796588873 0.000107000780543
1250 1050 0.00156574154798 9.4635945007e-05
1250 1100 0.00135817722662 8.41307612316e-05
1250 1150 0.00128585105542 8.20666371911e-05
1250 1200 0.00112102898555 7.33475424557e-05
1250 1250 0.000980681774742 6.58833860299e-05
1250 1300 0.000859684484582 5.89079384206e-05
1250 1350 0.000755118288223 5.3096015017e-05
1250 1400 0.000663915353865 4.78590999892e-05
1250 1450 0.000606598085643 4.49292127673e-05
1250 1500 0.000515810859052 3.91230857729e-05
1250 1550 0.000470592817083 3.67440892927e-05
1250 1600 0.000402115283544 3.20144391798e-05
1250 1650 0.000366494231224 3.02360504902e-05
1250 1700 0.000331212659286 2.81298087431e-05
1250 1750 0.000287902747206 2.52317264529e-05
1250 1800 0.000253635517956 2.28259061266e-05
1250 1850 0.000224567678134 2.09858804625e-05
1250 1900 0.000202757441908 1.97749071996e-05
1250 1950 0.000178878459308 1.7877256587e-05
1250 2000 0.000160877686011 1.66728332137e-05
1250 2050 0.000139152117289 1.49599834417e-05
1250 2100 0.000125509254088 1.40294499589e-05
1250 2150 0.000112781657697 1.30954187738e-05
1250 2200 9.90852703505e-05 1.19675452917e-05
1250 2250 8.90555822529e-05 1.10733218091e-05
1250 2300 7.91626502393e-05 1.03727225594e-05
1250 2350 7.03910327113e-05 9.62185922344e-06
1250 2400 6.26247445907e-05 8.95483491175e-06
1250 2450 5.61342934509e-05 8.37974021447e-06
1250 2500 4.9617333853e-05 7.74436060161e-06
1300 1000 0.00161819425075 9.69317398115e-05
1300 1050 0.0013812278785 8.51918082998e-05
1300 1100 0.00129818473259 8.251092817e-05
1300 1150 0.00104405495039 6.7685007089e-05
1300 1200 0.000984057995505 6.600777867e-05
1300 1250 0.00086156003658 5.93088048382e-05
1300 1300 0.000755810461455 5.32086467742e-05
1300 1350 0.000664378090511 4.7906499413e-05
1300 1400 0.000584701753686 4.32372730303e-05
1300 1450 0.000533624828246 4.05679346528e-05
1300 1500 0.000454983892485 3.55039543126e-05
1300 1550 0.000414703219269 3.32793167523e-05
1300 1600 0.000366081750932 3.04411033388e-05
1300 1650 0.000314368956193 2.65782947347e-05
1300 1700 0.000292155430455 2.57344830744e-05
1300 1750 0.000246667328854 2.22957257936e-05
1300 1800 0.000228539515283 2.12451433446e-05
1300 1850 0.0001987493042 1.90976771546e-05
1300 1900 0.000178504234297 1.78584200928e-05
1300 1950 0.000159003471831 1.65320866581e-05
1300 2000 0.000141063293049 1.51753619386e-05
1300 2050 0.000125216149782 1.4009060286e-05
1300 2100 0.000112523444467 1.3089662641e-05
1300 2150 9.88316291e-05 1.19682262255e-05
1300 2200 8.78997018949e-05 1.09915478874e-05
1300 2250 7.89345232671e-05 1.03469580166e-05
1300 2300 6.95536870942e-05 9.53865079949e-06
1300 2350 6.18928133264e-05 8.87481175486e-06
1300 2400 5.55898892507e-05 8.33516505058e-06
1300 2450 4.96406425284e-05 7.76332041048e-06
1300 2500 4.42057464845e-05 7.24135269938e-06
1350 1000 0.00142122900824 8.71798436207e-05
1350 1050 0.00132026169298 8.36937048351e-05
1350 1100 0.00114043758488 7.4275480529e-05
1350 1150 0.000991008480364 6.62059527179e-05
1350 1200 0.000806823417641 5.50710120578e-05
1350 1250 0.000757593712774 5.36863160759e-05
1350 1300 0.000665118884047 4.80835433558e-05
1350 1350 0.000550872728651 4.0359715287e-05
1350 1400 0.000515193812218 3.91848353109e-05
1350 1450 0.000469798359142 3.68502975096e-05
1350 1500 0.000414270889178 3.3322635717e-05
1350 1550 0.000354874627254 2.94521086723e-05
1350 1600 0.000322996379593 2.76341806126e-05
1350 1650 0.000285658263309 2.50232700586e-05
1350 1700 0.000252737383579 2.29475389281e-05
1350 1750 0.000223833836106 2.10203338405e-05
1350 1800 0.000198363762983 1.91680997998e-05
1350 1850 0.000176689399922 1.77150063863e-05
1350 1900 0.00015864678871 1.64708336289e-05
1350 1950 0.000138557328425 1.49448620026e-05
1350 2000 0.000124935281215 1.3980200924e-05
1350 2050 0.000110966198713 1.29306326264e-05
1350 2100 9.86125989325e-05 1.19457489397e-05
1350 2150 8.76607200724e-05 1.0988231262e-05
1350 2200 7.84365351055e-05 1.03062191039e-05
1350 2250 7.00242938699e-05 9.60506418132e-06
1350 2300 6.22892139723e-05 8.9266541099e-06
1350 2350 5.56162372659e-05 8.33481895087e-06
1350 2400 4.93449451352e-05 7.73814067329e-06
1350 2450 4.39233575733e-05 7.20269391371e-06
1350 2500 3.91289915229e-05 6.72966879558e-06
1400 1000 0.00125980103657 7.90146662686e-05
1400 1050 0.0011622317357 7.54350652624e-05
1400 1100 0.00100301059186 6.7112570184e-05
1400 1150 0.000871761569757 5.98232736173e-05
1400 1200 0.000717488599107 5.0096993999e-05
1400 1250 0.000666716460087 4.81424039852e-05
1400 1300 0.00058225568304 4.31411401997e-05
1400 1350 0.000515718020238 3.91519557086e-05
1400 1400 0.000454453879338 3.54646444149e-05
1400 1450 0.000401248124132 3.22050160905e-05
1400 1500 0.000354527340549 2.91983467528e-05
1400 1550 0.000313572722686 2.66942778311e-05
1400 1600 0.000291130169503 2.57234842649e-05
1400 1650 0.000252340971399 2.29981011413e-05
1400 1700 0.000223405961829 2.09023662627e-05
1400 1750 0.000198003364145 1.92027297011e-05
1400 1800 0.000175494567611 1.76161482812e-05
1400 1850 0.000158259140395 1.64495599807e-05
1400 1900 0.000138250743426 1.49014011421e-05
1400 1950 0.000122820312677 1.37752527512e-05
1400 2000 0.000110694259862 1.28886545289e-05
1400 2050 9.90680843726e-05 1.20086975824e-05
1400 2100 8.8688910323e-05 1.1154541989e-05
1400 2150 7.77464023947e-05 1.02370856206e-05
1400 2200 6.91699721739e-05 9.51572152042e-06
1400 2250 6.15625267e-05 8.83727747387e-06
1400 2300 5.50833455329e-05 8.24832993786e-06
1400 2350 4.90323978497e-05 7.68129761296e-06
1400 2400 4.38093593174e-05 7.20627029678e-06
1400 2450 3.90116429663e-05 6.69907338576e-06
1400 2500 3.48568876037e-05 6.28860669955e-06
1450 1000 0.00120108838786 7.78686990754e-05
1450 1050 0.00102484283928 6.81685329127e-05
1450 1100 0.000883603404494 6.04832187082e-05
1450 1150 0.000719282549984 5.02172180776e-05
1450 1200 0.000669990878081 4.84023866431e-05
1450 1250 0.000587336603932 4.38694379915e-05
1450 1300 0.000516315843709 3.93684085112e-05
1450 1350 0.000454736969415 3.54205908975e-05
1450 1400 0.000403342195751 3.25058341192e-05
1450 1450 0.000364940494121 3.04127052323e-05
1450 1500 0.000313316646167 2.6749208468e-05
1450 1550 0.000275643229642 2.42608742809e-05
1450 1600 0.000245536599675 2.2221719134e-05
1450 1650 0.000223020257749 2.09092044501e-05
1450 1700 0.000201152274389 1.96689194134e-05
1450 1750 0.000175122424776 1.7576661669e-05
1450 1800 0.000155396705961 1.6204897911e-05
1450 1850 0.000140098371597 1.51372954368e-05
1450 1900 0.000123832813647 1.38953744133e-05
1450 1950 0.000108913642122 1.27222002304e-05
1450 2000 9.68378611157e-05 1.17811033755e-05
1450 2050 8.72229580649e-05 1.09877847917e-05
1450 2100 7.80308428634e-05 1.02561717706e-05
1450 2150 6.92544101289e-05 9.53974590809e-06
1450 2200 6.13904351564e-05 8.8269627173e-06
1450 2250 5.48608448398e-05 8.24412047018e-06
1450 2300 4.90482717395e-05 7.70388177154e-06
1450 2350 4.38199407555e-05 7.20199193791e-06
1450 2400 3.88940627679e-05 6.70345671304e-06
1450 2450 3.44166985551e-05 6.21781913776e-06
1450 2500 3.08742826895e-05 5.86285785059e-06
1500 1000 0.000995271846872 6.5734136339e-05
1500 1050 0.000905033145458 6.17518045418e-05
1500 1100 0.000731408606727 5.10080798206e-05
1500 1150 0.000676582946603 4.90239696221e-05
1500 1200 0.000590627752071 4.37931959989e-05
1500 1250 0.000489720732301 3.75029300094e-05
1500 1300 0.000452776578841 3.56268463166e-05
1500 1350 0.000401309559687 3.24233838268e-05
1500 1400 0.000364602791457 3.03169625191e-05
1500 1450 0.000320246189504 2.73729854704e-05
1500 1500 0.000276930924478 2.45153183929e-05
1500 1550 0.000246581646405 2.25475069209e-05
1500 1600 0.000217237253928 2.04018922729e-05
1500 1650 0.000197173176104 1.91958582403e-05
1500 1700 0.000171897095416 1.72928561911e-05
1500 1750 0.000155072225868 1.61658994754e-05
1500 1800 0.000137660221175 1.48867451061e-05
1500 1850 0.000124040181217 1.39349154984e-05
1500 1900 0.000108650647625 1.26827215982e-05
1500 1950 9.70184586824e-05 1.18058145325e-05
1500 2000 8.69904529092e-05 1.09834309235e-05
1500 2050 7.67765973963e-05 1.01457321886e-05
1500 2100 6.87941431701e-05 9.47762477285e-06
1500 2150 6.05777011318e-05 8.72618066189e-06
1500 2200 5.44990687506e-05 8.19290141194e-06
1500 2250 4.85317906794e-05 7.65459415968e-06
1500 2300 4.35506458128e-05 7.16565370094e-06
1500 2350 3.89080005751e-05 6.71328796101e-06
1500 2400 3.45488185547e-05 6.24137349323e-06
1500 2450 3.07736278668e-05 5.84738354933e-06
1500 2500 2.74298573437e-05 5.45704045912e-06
150 1000 0.0618070706882 0.00217943458107
150 1050 0.0524069419617 0.001866083827
150 1100 0.0431806736494 0.00161415692599
150 1150 0.0365796611726 0.00138320005924
150 1200 0.0300446037124 0.00116004384178
150 1250 0.0264172907487 0.00104314915122
150 1300 0.022176107475 0.000902965016373
150 1350 0.0185068119838 0.000772962016283
150 1400 0.0157580944855 0.000674779729429
150 1450 0.0134574271859 0.000590889410905
150 1500 0.0116294876111 0.000521177196431
150 1550 0.00965362345994 0.000447351948831
150 1600 0.00831047376411 0.000392924685405
150 1650 0.00730687885218 0.000352599771324
150 1700 0.00619715854799 0.00030767855317
150 1750 0.0053016436592 0.000269403392111
150 1800 0.00479070000488 0.000248683467664
150 1850 0.00408888060057 0.00021753448109
150 1900 0.00341756864114 0.000185905954783
150 1950 0.00297567283713 0.000163175008426
150 2000 0.00258618419488 0.000146634468247
150 2050 0.00226674517691 0.000130838854452
150 2100 0.00206468265607 0.000120784361091
150 2150 0.00180076883818 0.000108599012041
150 2200 0.00157221164173 9.63971315705e-05
150 2250 0.00142253570805 8.99769673922e-05
150 2300 0.0012438103566 8.00564139204e-05
150 2350 0.00111802528241 7.387378538e-05
150 2400 0.000978746079119 6.61106706405e-05
150 2450 0.000838210097463 5.78453108133e-05
150 2500 0.00073688903921 5.17130381361e-05
200 1000 0.0514724320679 0.00185617400362
200 1050 0.043594915306 0.0015921951197
200 1100 0.0360895132281 0.00137391925695
200 1150 0.0299787798772 0.00117269734416
200 1200 0.0252536131223 0.000996472023559
200 1250 0.0213565955811 0.000889852077944
200 1300 0.0186291704495 0.000774604724014
200 1350 0.0155781899048 0.000669392972522
200 1400 0.0135375905904 0.00059156240987
200 1450 0.011272566424 0.000511214254428
200 1500 0.00940710292157 0.000440611273847
200 1550 0.00835331784652 0.000394503151187
200 1600 0.00740749498948 0.000358432186885
200 1650 0.00628718796369 0.000313390857586
200 1700 0.00532642200189 0.000269473112254
200 1750 0.00481256767482 0.000249618228725
200 1800 0.00394005993523 0.000208453390216
200 1850 0.0035690528255 0.000192851030362
200 1900 0.00300288973903 0.000164925911336
200 1950 0.00273895458007 0.000156573786815
200 2000 0.0022580998305 0.000129507195492
200 2050 0.00206881939332 0.000121466425731
200 2100 0.00180296494903 0.000108713728193
200 2150 0.00150535821593 9.20242655749e-05
200 2200 0.00137578137092 8.63744946795e-05
200 2250 0.00124410514702 8.01911427417e-05
200 2300 0.00108926157939 7.17960930121e-05
200 2350 0.00095488298978 6.43604694463e-05
200 2400 0.000819048051354 5.63087913592e-05
200 2450 0.000736729020839 5.201360884e-05
200 2500 0.000648159587924 4.68870810069e-05
250 1000 0.0423090584319 0.00154373331347
250 1050 0.0360354613468 0.00134831356906
250 1100 0.0302177564123 0.00118192210247
250 1150 0.025190976067 0.00100988539161
250 1200 0.0214974743902 0.000884597030082
250 1250 0.0182374865419 0.000764080097801
250 1300 0.0156578783145 0.000670555827749
250 1350 0.0132442230061 0.000582783311029
250 1400 0.0116580788272 0.00052501721311
250 1450 0.00975949000526 0.000449990531023
250 1500 0.00847214491492 0.000400885343867
250 1550 0.00717024119333 0.000347804052188
250 1600 0.00606210126727 0.000300563977914
250 1650 0.00524839855737 0.000266142584989
250 1700 0.00431429372435 0.000229641661362
250 1750 0.00417595694128 0.00022239390024
250 1800 0.00351145887607 0.000188681348023
250 1850 0.00277050163965 0.000156824931369
250 1900 0.00272954670548 0.00015462324685
250 1950 0.00238221574215 0.000138317308491
250 2000 0.00207228213914 0.000123508798216
250 2050 0.00180564558667 0.000108968642591
250 2100 0.00151636572417 9.28685536946e-05
250 2150 0.00142473947483 9.03700207891e-05
250 2200 0.00120539061519 7.74635268133e-05
250 2250 0.00108959630023 7.19278376379e-05
250 2300 0.000954950556905 6.46496279074e-05
250 2350 0.000819195003473 5.63483810625e-05
250 2400 0.000736457300512 5.20920153163e-05
250 2450 0.000647944333344 4.69880465842e-05
250 2500 0.000570628618693 4.25865978353e-05
300 1000 0.0352377718194 0.00133995355296
300 1050 0.0295182867221 0.00117325809177
300 1100 0.0256290614729 0.00101781413902
300 1150 0.0211959288646 0.000881560059004
300 1200 0.0179682662046 0.000757409448677
300 1250 0.0156133277715 0.000668963761367
300 1300 0.013322923149 0.000584497658953
300 1350 0.011157385996 0.000505819537134
300 1400 0.00916797347061 0.000433369576464
300 1450 0.00817809701053 0.000387991939112
300 1500 0.00704912839715 0.000341745655361
300 1550 0.00609146228075 0.000301920779763
300 1600 0.00513479744721 0.000264727707837
300 1650 0.00457391702158 0.00023715465009
300 1700 0.00397338550098 0.000209202895794
300 1750 0.00346037701584 0.000187029557658
300 1800 0.00300066135286 0.000165222620877
300 1850 0.00275126840547 0.000156305891731
300 1900 0.00226799682809 0.000131087431994
300 1950 0.00197645807396 0.000116584251244
300 2000 0.00179785143159 0.000108476529198
300 2050 0.00150935363775 9.26899240215e-05
300 2100 0.00137070758454 8.62834968833e-05
300 2150 0.00124573494606 8.05304604399e-05
300 2200 0.0010570000849 6.97166827149e-05
300 2250 0.000955017811789 6.47378374881e-05
300 2300 0.00081511876227 5.6231063525e-05
300 2350 0.000736326704655 5.21077400928e-05
300 2400 0.000647688194531 4.7172116672e-05
300 2450 0.000581965566628 4.3529683761e-05
300 2500 0.000504867778658 3.85128151896e-05
350 1000 0.0297671624581 0.00115615964704
350 1050 0.0258254616593 0.00101552043006
350 1100 0.021806518219 0.000881796015301
350 1150 0.0185855401131 0.000773642693598
350 1200 0.0152247041838 0.00065766558385
350 1250 0.0130254065273 0.00057478097923
350 1300 0.0113503444432 0.000512279742202
350 1350 0.00955856813223 0.000442160164803
350 1400 0.00812658140194 0.00038675762529
350 1450 0.00708383321928 0.000344364541983
350 1500 0.00611864678745 0.000303183644627
350 1550 0.00505345610655 0.000260656055417
350 1600 0.00459390986147 0.00023855197434
350 1650 0.00415767347574 0.000221837887078
350 1700 0.00347143853241 0.000189133643585
350 1750 0.00318501533298 0.000177393549293
350 1800 0.00261220061983 0.000146578935364
350 1850 0.00240395642349 0.000141987103355
350 1900 0.00198066524672 0.000116613147666
350 1950 0.00180998809512 0.000109624220062
350 2000 0.00157904496371 9.74997535231e-05
350 2050 0.00132330973291 8.30485046829e-05
350 2100 0.00123993117001 8.02490081365e-05
350 2150 0.00109042407406 7.23526566771e-05
350 2200 0.000955204240231 6.47821775492e-05
350 2250 0.000814987425169 5.63226845428e-05
350 2300 0.000720627092817 5.08900892396e-05
350 2350 0.000647386677336 4.72268676519e-05
350 2400 0.000579165151617 4.32184105292e-05
350 2450 0.000502342645758 3.85934499507e-05
350 2500 0.00043572319118 3.43162698545e-05
400 1000 0.0252326909312 0.000995727828929
400 1050 0.0212848140437 0.000868597143886
400 1100 0.0178224797025 0.000750071330955
400 1150 0.0153169386882 0.000656245604708
400 1200 0.0131035217318 0.000576141159784
400 1250 0.0111675840489 0.00050280100656
400 1300 0.00926637971854 0.000434164207045
400 1350 0.00826113703085 0.000390923843219
400 1400 0.00662155598722 0.000328157716609
400 1450 0.00567582738381 0.000287654509594
400 1500 0.0053200070828 0.000272123604424
400 1550 0.00428936089534 0.000226550215391
400 1600 0.00379428994419 0.000202511632509
400 1650 0.00348380648015 0.000188998284308
400 1700 0.00301733367637 0.000167200634698
400 1750 0.0026182875725 0.00014790119455
400 1800 0.00227711643464 0.000130800676734
400 1850 0.00198387242937 0.000116600483542
400 1900 0.00181213593161 0.000109795440853
400 1950 0.00151316188799 9.32803496277e-05
400 2000 0.00137314970085 8.67771158505e-05
400 2050 0.00116104831037 7.46744203793e-05
400 2100 0.00105770951692 6.97464155967e-05
400 2150 0.000955232283832 6.48104290973e-05
400 2200 0.000792474972718 5.4506439376e-05
400 2250 0.000716716769275 5.07888763691e-05
400 2300 0.000646995197266 4.72074386083e-05
400 2350 0.000556161845537 4.14635667586e-05
400 2400 0.00050185329959 3.84368094027e-05
400 2450 0.000450953699047 3.55424358205e-05
400 2500 0.000390958141349 3.17725642897e-05
450 1000 0.021456841639 0.000869616052413
450 1050 0.0181742750123 0.000756303569946
450 1100 0.0152446786678 0.000656036393326
450 1150 0.0131799211526 0.000579495966202
450 1200 0.0112297623459 0.000506543935355
450 1250 0.00931550508641 0.000433925526563
450 1300 0.00800607793541 0.000380851600672
450 1350 0.00660474543163 0.000329627142514
450 1400 0.0058514408755 0.000294281212897
450 1450 0.00506117761399 0.000258603341456
450 1500 0.0046311595874 0.000242193336185
450 1550 0.00402200878284 0.000215726697021
450 1600 0.00349428406503 0.000189993742916
450 1650 0.00302462311332 0.000167990805864
450 1700 0.00262405094236 0.000149450557846
450 1750 0.00228125330548 0.000131231912094
450 1800 0.00186521079947 0.00011103681438
450 1850 0.00173411548925 0.000104513100147
450 1900 0.00151510195153 9.34433947512e-05
450 1950 0.00138108846533 8.75952256324e-05
450 2000 0.00120811609339 7.81227182434e-05
450 2050 0.00105822275388 6.98478088469e-05
450 2100 0.000927933660154 6.27367091937e-05
450 2150 0.000788111972177 5.44185483271e-05
450 2200 0.000735575667115 5.25105677785e-05
450 2250 0.000646708645214 4.72792447902e-05
450 2300 0.000569202109072 4.25104818472e-05
450 2350 0.000490431222473 3.7621900543e-05
450 2400 0.000444134713801 3.50861085736e-05
450 2450 0.000390520382313 3.1781637415e-05
450 2500 0.000346494245983 2.88476448599e-05
500 1000 0.0180908284831 0.000754374121092
500 1050 0.0155234345166 0.00066506218048
500 1100 0.0132171820698 0.000581954479254
500 1150 0.0112943885614 0.000510127875069
500 1200 0.00909322891275 0.000426955941832
500 1250 0.00804382209275 0.000381980225683
500 1300 0.00701085708996 0.000342661682798
500 1350 0.00572713638441 0.000291297569472
500 1400 0.00523550462967 0.000266434418851
500 1450 0.00429449844336 0.000226191922176
500 1500 0.0040362626345 0.00021600564116
500 1550 0.00323906244289 0.000175894284656
500 1600 0.0028147237348 0.000157134721737
500 1650 0.00246894456845 0.000141234696457
500 1700 0.00228547138659 0.000132730673173
500 1750 0.0020022489634 0.00011899702001
500 1800 0.00172578072492 0.000104052540325
500 1850 0.00158333899535 9.83904435166e-05
500 1900 0.00137509793061 8.7322550609e-05
500 1950 0.00116882716035 7.52995587254e-05
500 2000 0.00102568664074 6.77121008952e-05
500 2050 0.000928229145547 6.29233707614e-05
500 2100 0.000837433236277 5.84075841125e-05
500 2150 0.000731995899851 5.20912706826e-05
500 2200 0.000630576549648 4.60653196613e-05
500 2250 0.000568663132722 4.27082436356e-05
500 2300 0.000492290371737 3.78321643305e-05
500 2350 0.000448316708163 3.57141974224e-05
500 2400 0.000390101442626 3.17919035815e-05
500 2450 0.000344655569824 2.86748599235e-05
500 2500 0.000304758223862 2.62562126567e-05
50 1000 0.0942306415452 0.00316633306418
50 1050 0.077302298344 0.00266210536922
50 1100 0.0630393470287 0.00223783268609
50 1150 0.0531272770339 0.00190855556694
50 1200 0.0440612348884 0.00160249045119
50 1250 0.0368571928751 0.00137995884093
50 1300 0.0308500782724 0.00119594701732
50 1350 0.0262468250221 0.00104750883585
50 1400 0.0221961281317 0.000895220728274
50 1450 0.0190923911162 0.000790930070318
50 1500 0.0159476203439 0.000682728916728
50 1550 0.0134009629922 0.00059059396089
50 1600 0.0116798924679 0.000523203237779
50 1650 0.0098156034102 0.000454546267859
50 1700 0.00838117542875 0.000398262833232
50 1750 0.00729566373333 0.000351154043075
50 1800 0.00631098704017 0.000309883342166
50 1850 0.00546879082974 0.000275834129684
50 1900 0.00457265648095 0.000237936032593
50 1950 0.00396565122744 0.000209231219053
50 2000 0.00361855800694 0.00019443446292
50 2050 0.00313611843121 0.000173278011793
50 2100 0.00272022369872 0.00015362511188
50 2150 0.00236370540751 0.000135836901934
50 2200 0.00205822692777 0.000121692009046
50 2250 0.00192622382167 0.000116913392481
50 2300 0.00162647823339 0.000100111367562
50 2350 0.00137930704393 8.63073476711e-05
50 2400 0.00124806664685 8.02119896567e-05
50 2450 0.00111717288107 7.37379620044e-05
50 2500 0.000954487135248 6.39883355354e-05
550 1000 0.0150919436338 0.000650414269365
550 1050 0.0128345789351 0.00056479846262
550 1100 0.0109565132905 0.000495172467167
550 1150 0.00869499216742 0.000420220045689
550 1200 0.007745907371 0.000374812747136
550 1250 0.00721646886751 0.000352485897441
550 1300 0.00575431883717 0.000289539851072
550 1350 0.00497568627576 0.00025578529859
550 1400 0.00466734115281 0.000244113726632
550 1450 0.00358894862021 0.000196146715401
550 1500 0.0032501186282 0.000176607162072
550 1550 0.0030392550773 0.000170443588203
550 1600 0.00263462916119 0.00015023670973
550 1650 0.00228999890331 0.000133790337493
550 1700 0.00187231770211 0.000110768131597
550 1750 0.00173851193883 0.000105288638305
550 1800 0.0015178851791 9.36957931685e-05
550 1850 0.00138313676724 8.78823481203e-05
550 1900 0.00124188616155 8.10555862698e-05
550 1950 0.00108552647869 7.26009388773e-05
550 2000 0.000950604014574 6.47901125436e-05
550 2050 0.000814920901973 5.67585194971e-05
550 2100 0.000693738043493 4.91715121856e-05
550 2150 0.000627076081798 4.58197692889e-05
550 2200 0.000555233106147 4.15685088347e-05
550 2250 0.000498486142051 3.82801719693e-05
550 2300 0.000447773895211 3.54889417423e-05
550 2350 0.000389616152032 3.15089129794e-05
550 2400 0.00034987135007 2.93092688791e-05
550 2450 0.000304300816785 2.62349456057e-05
550 2500 0.000269316436422 2.4061114934e-05
600 1000 0.0129397422077 0.000569094459715
600 1050 0.0110328445113 0.000498227494823
600 1100 0.00859951228625 0.000417668223273
600 1150 0.0077873738275 0.000372349906493
600 1200 0.00610615677883 0.000323081401815
600 1250 0.00554362811283 0.000288148429048
600 1300 0.00540918751392 0.000277509247993
600 1350 0.00432764261511 0.000226529652243
600 1400 0.00396176229302 0.000213451105067
600 1450 0.00352114163531 0.000193236980901
600 1500 0.0028314503935 0.000157749344091
600 1550 0.00244636895626 0.000139778405334
600 1600 0.00214814866835 0.000124327244018
600 1650 0.00199668739333 0.000120063317826
600 1700 0.0017403921582 0.000105447709158
600 1750 0.00143691395873 8.85750300209e-05
600 1800 0.00132912861856 8.39130851274e-05
600 1850 0.0011639347886 7.52111598225e-05
600 1900 0.00102064476132 6.74580713689e-05
600 1950 0.000927978125468 6.31965276102e-05
600 2000 0.00081476099092 5.67417540593e-05
600 2050 0.000715939505044 5.10213023196e-05
600 2100 0.000642520175142 4.68736498109e-05
600 2150 0.000554948506802 4.16171936556e-05
600 2200 0.000489248242579 3.77163576714e-05
600 2250 0.000433790537097 3.41685415613e-05
600 2300 0.000389166509209 3.17633015197e-05
600 2350 0.000343738602514 2.89596363399e-05
600 2400 0.000299664152212 2.586389099e-05
600 2450 0.000272895723994 2.45459005407e-05
600 2500 0.000238958010457 2.20844524447e-05
650 1000 0.0111216303427 0.000502715410726
650 1050 0.00866102095399 0.000416217275083
650 1100 0.00847528147131 0.000406455928298
650 1150 0.00678425550849 0.000331619768388
650 1200 0.00556945538595 0.00028573671349
650 1250 0.00501768000745 0.000255076819423
650 1300 0.00445889945174 0.000231979187664
650 1350 0.00386778761358 0.000206331742944
650 1400 0.00326984705977 0.000177426005885
650 1450 0.00283981053609 0.000157925968984
650 1500 0.00264529732632 0.000151938808551
650 1550 0.0021524338256 0.000124922531968
650 1600 0.00187956959463 0.000111004418088
650 1650 0.00174246542044 0.000105730426893
650 1700 0.00158681354763 9.92476602313e-05
650 1750 0.00132221738705 8.36672756404e-05
650 1800 0.00116448127654 7.5341117361e-05
650 1850 0.0010590697699 7.04462325403e-05
650 1900 0.000896427418471 6.07454088415e-05
650 1950 0.000787985472718 5.45775753009e-05
650 2000 0.000715628068059 5.08719589006e-05
650 2050 0.000611148306449 4.45590410488e-05
650 2100 0.000554289522594 4.15017069129e-05
650 2150 0.000488806120008 3.76267404883e-05
650 2200 0.000438713920936 3.49396955195e-05
650 2250 0.000380936527793 3.09869893452e-05
650 2300 0.000343355273432 2.89138043421e-05
650 2350 0.000303456204537 2.63912787824e-05
650 2400 0.000268378925186 2.39277819896e-05
650 2450 0.000237653171793 2.18509170798e-05
650 2500 0.000210468978761 2.00777656757e-05
700 1000 0.00961411496101 0.000445685615208
700 1050 0.00832661316743 0.000400682880691
700 1100 0.00590357136644 0.000318086950706
700 1150 0.00508306987545 0.000277456627999
700 1200 0.00459466956616 0.000248421554145
700 1250 0.0043650682822 0.000227452244616
700 1300 0.00363299683618 0.000198770578739
700 1350 0.00328066634399 0.0001784450646
700 1400 0.00303985307054 0.000170792336941
700 1450 0.00247613322043 0.000139847408923
700 1500 0.00230145136592 0.000134502815697
700 1550 0.00200152853824 0.000119583611421
700 1600 0.00174405013627 0.000106147653105
700 1650 0.00144066927978 8.86595746117e-05
700 1700 0.00133067092571 8.42141650873e-05
700 1750 0.00116497660066 7.5462600528e-05
700 1800 0.00102114119918 6.76062483011e-05
700 1850 0.000896565451334 6.08172071984e-05
700 1900 0.00078809455001 5.47255882495e-05
700 1950 0.000715332209964 5.11010876992e-05
700 2000 0.000614047938562 4.46657372486e-05
700 2050 0.000554061335818 4.17060197925e-05
700 2100 0.000490637359627 3.77434337301e-05
700 2150 0.000428824329145 3.4112074025e-05
700 2200 0.000380572843667 3.10772884276e-05
700 2250 0.000344304487159 2.89679234181e-05
700 2300 0.000303010449954 2.62143764177e-05
700 2350 0.000266907541151 2.36531432031e-05
700 2400 0.000237249178086 2.18746884709e-05
700 2450 0.000210130444031 2.00364505299e-05
700 2500 0.000186222659086 1.8398843255e-05
750 1000 0.00795943656112 0.000376250911013
750 1050 0.00622617936854 0.000319724228323
750 1100 0.00587190151186 0.000290723604992
750 1150 0.00506759028998 0.000257197598896
750 1200 0.0043828258512 0.000228547000184
750 1250 0.00389864601757 0.000208427626967
750 1300 0.00288618412513 0.000168447095054
750 1350 0.00285397160975 0.000158529200727
750 1400 0.00265490070406 0.000151769102562
750 1450 0.00193412904954 0.000117138514322
750 1500 0.00188551726377 0.000111328682109
750 1550 0.00174649474933 0.000106612489188
750 1600 0.00144178881584 8.88605160592e-05
750 1650 0.00133139842799 8.45852803062e-05
750 1700 0.00110910262201 7.15421620235e-05
750 1750 0.00102149853682 6.78051104896e-05
750 1800 0.00089146275156 6.04704876338e-05
750 1850 0.000814013850473 5.68504547313e-05
750 1900 0.000696810451062 4.98389590217e-05
750 1950 0.000610380451794 4.44199010224e-05
750 2000 0.000556232397136 4.17292504675e-05
750 2050 0.000490265727737 3.79922221155e-05
750 2100 0.000430458658979 3.39982244354e-05
750 2150 0.000371005155985 3.0224195824e-05
750 2200 0.00034244185951 2.88393717068e-05
750 2250 0.000302527103463 2.61650018403e-05
750 2300 0.000263068792525 2.34155016482e-05
750 2350 0.000236792678491 2.19625543094e-05
750 2400 0.000206504715644 1.97698045411e-05
750 2450 0.000187573231017 1.85628322581e-05
750 2500 0.000164886274766 1.68938639328e-05
800 1000 0.00688890594215 0.000333533447059
800 1050 0.00567685887685 0.000285647752077
800 1100 0.0050984087845 0.000260064346102
800 1150 0.0046530325801 0.000246350496159
800 1200 0.00412839909305 0.000226495198898
800 1250 0.00330177864989 0.000180030678574
800 1300 0.00286232144799 0.000159901104581
800 1350 0.00266081074201 0.000154152967758
800 1400 0.00230787813244 0.000137091632745
800 1450 0.00200649349839 0.000119844078618
800 1500 0.00165008834439 9.98029559683e-05
800 1550 0.00144375973383 8.9383189245e-05
800 1600 0.00133223961352 8.48441601472e-05
800 1650 0.00116597016216 7.58085898651e-05
800 1700 0.00102164419815 6.79198359998e-05
800 1750 0.000896529437148 6.09782999455e-05
800 1800 0.00078769927772 5.48333654805e-05
800 1850 0.000692834687569 4.96165074684e-05
800 1900 0.000628616742252 4.6152353432e-05
800 1950 0.000537853738619 4.02419415306e-05
800 2000 0.000487533906374 3.76139432759e-05
800 2050 0.000430065375193 3.41555244658e-05
800 2100 0.000385634639849 3.15267137447e-05
800 2150 0.000335455477674 2.81723723063e-05
800 2200 0.000296709108042 2.56692690145e-05
800 2250 0.00026721423845 2.39631364437e-05
800 2300 0.000236397604336 2.18110200073e-05
800 2350 0.000206113680538 1.9720178479e-05
800 2400 0.000185508952642 1.83640967399e-05
800 2450 0.00016455869361 1.68833099175e-05
800 2500 0.000148665891298 1.58086086641e-05
850 1000 0.0059749918752 0.00029668483897
850 1050 0.00513520932601 0.000260949923866
850 1100 0.00443257006075 0.00023128742234
850 1150 0.00383360045565 0.000204278873332
850 1200 0.00331223536019 0.000180021024152
850 1250 0.00287096329103 0.000160451475271
850 1300 0.00249285702081 0.000142030895916
850 1350 0.00217020480189 0.000125426350789
850 1400 0.00189131048912 0.000112225944879
850 1450 0.00174953966852 0.000107042844536
850 1500 0.00145473849899 9.0276772821e-05
850 1550 0.00126571733267 8.0052419341e-05
850 1600 0.00111012833636 7.18343385301e-05
850 1650 0.00102192698032 6.81123942932e-05
850 1700 0.000927552649289 6.35443901188e-05
850 1750 0.00078326231175 5.47116774284e-05
850 1800 0.000692493542911 4.94992207842e-05
850 1850 0.000613077634618 4.5013372213e-05
850 1900 0.000537523422015 4.04419672228e-05
850 1950 0.000474148520195 3.65490000301e-05
850 2000 0.000429637401648 3.42788944008e-05
850 2050 0.00037918690944 3.09573060595e-05
850 2100 0.000334980118998 2.80909227292e-05
850 2150 0.000296303014187 2.56499983942e-05
850 2200 0.000262175555628 2.34843192796e-05
850 2250 0.00023603225216 2.17830638978e-05
850 2300 0.000206636488439 1.97911047645e-05
850 2350 0.000185193209642 1.83181590929e-05
850 2400 0.000164208357797 1.68652436968e-05
850 2450 0.000145689865904 1.55125155881e-05
850 2500 0.000130769413081 1.44818735858e-05
900 1000 0.0049849522988 0.000255079700197
900 1050 0.00390169710542 0.000214733403933
900 1100 0.00339962201485 0.000188076252106
900 1150 0.00332793059378 0.000182666966065
900 1200 0.00255135338354 0.000147312220258
900 1250 0.00250004266677 0.000142655767986
900 1300 0.00195194443924 0.000116892688279
900 1350 0.00189494605355 0.000112372781053
900 1400 0.00175082432081 0.000107246715387
900 1450 0.00144656781859 8.97443378652e-05
900 1500 0.0012667563981 8.0355040988e-05
900 1550 0.00116663461422 7.60741698039e-05
900 1600 0.0010215994862 6.81142320241e-05
900 1650 0.000896430958447 6.11724078224e-05
900 1700 0.000787349911704 5.49258349639e-05
900 1750 0.000692302789629 4.94073012886e-05
900 1800 0.000627341714158 4.62280905744e-05
900 1850 0.000552260719069 4.15366326108e-05
900 1900 0.000473800380583 3.65505477364e-05
900 1950 0.000428943988312 3.42862493792e-05
900 2000 0.000369809641765 3.01497903786e-05
900 2050 0.000334621718859 2.8196047805e-05
900 2100 0.000295831700355 2.59070834193e-05
900 2150 0.000256436846867 2.28974784601e-05
900 2200 0.000231811365719 2.14178610889e-05
900 2250 0.000208646435433 2.01027077891e-05
900 2300 0.000184860640962 1.83531541523e-05
900 2350 0.000163918430704 1.68265146875e-05
900 2400 0.000147043553504 1.56741667661e-05
900 2450 0.000130022152785 1.43806981693e-05
900 2500 0.00011542858229 1.32951668805e-05
950 1000 0.0045208111654 0.000235077228205
950 1050 0.00388774329409 0.000207633670544
950 1100 0.00334623394465 0.000181608521556
950 1150 0.00256727205897 0.000147204957937
950 1200 0.00250700026181 0.000142273360612
950 1250 0.0023202403988 0.000137623280066
950 1300 0.00200334082209 0.000119932232089
950 1350 0.00164629030023 9.99116480625e-05
950 1400 0.00152815613382 9.59821359804e-05
950 1450 0.00126796187882 8.04521053073e-05
950 1500 0.00116697060501 7.64690223188e-05
950 1550 0.00102202760091 6.83149395743e-05
950 1600 0.000857365977179 5.8239291232e-05
950 1650 0.000786959261867 5.49295370918e-05
950 1700 0.000692077144685 4.95036950911e-05
950 1750 0.000609143578756 4.48133259439e-05
950 1800 0.00053661507517 4.03689167653e-05
950 1850 0.000486106715707 3.77966474028e-05
950 1900 0.000418001832443 3.3142859806e-05
950 1950 0.000369201732071 3.01151862364e-05
950 2000 0.000326625139534 2.76529912866e-05
950 2050 0.000295446438956 2.5679575474e-05
950 2100 0.000261428207828 2.35001834294e-05
950 2150 0.000232448156562 2.15368193677e-05
950 2200 0.000201204832326 1.93012252824e-05
950 2250 0.00018453900374 1.83250634522e-05
950 2300 0.000163557318361 1.68286106988e-05
950 2350 0.000145078395236 1.54951267583e-05
950 2400 0.000127676877721 1.41847387006e-05
950 2450 0.000115553367282 1.33224830201e-05
950 2500 0.000101637672014 1.21903564607e-05
